849
818 669
41 249
128 594
765 386
356 52
843 269
409 394
631 815
412 191
16 27
726 172
419 713
776 575
779 461
364 65
217 87
12 54
239 179
592 755
333 804
436 511
284 299
210 178
126 56
505 549
77 146
31 2
770 819
615 61
731 397
175 352
201 173
224 572
42 331
201 238
769 564
199 289
567 722
697 578
825 734
253 440
496 95
474 215
527 796
214 170
180 761
235 748
76 359
44 316
330 85
322 4
438 694
229 82
306 74
92 59
251 125
153 125
752 582
44 48
427 268
341 543
173 335
6 298
494 811
350 247
170 3
1 102
326 763
175 212
118 26
464 23
156 375
2 23
539 423
22 219
184 124
334 608
788 202
137 288
86 93
14 59
72 600
592 361
107 116
66 40
4 6
7 11
593 573
826 76
269 348
233 161
329 322
1 2
247 64
800 127
73 307
4 24
7 5
30 277
167 142
591 629
610 358
784 563
821 459
99 581
169 466
212 484
511 553
166 156
254 211
306 385
5 194
789 278
488 746
694 824
110 204
535 225
797 205
22 231
666 505
65 32
17 423
15 36
682 536
310 144
380 633
101 45
7 19
433 328
323 345
664 65
415 417
395 263
201 262
270 332
224 49
334 481
526 160
516 470
225 94
596 268
21 240
246 366
221 470
143 421
377 3
380 104
434 806
106 519
782 294
29 753
222 179
280 294
671 284
583 448
419 42
189 500
251 291
323 93
126 378
254 450
832 77
54 165
151 393
92 827
270 180
185 115
40 46
436 421
455 569
820 111
432 8
411 385
572 669
258 127
715 266
774 609
505 419
60 196
662 621
506 162
447 342
79 504
151 477
57 283
202 271
45 8
441 96
587 386
262 502
5 109
112 642
61 530
2 18
424 303
679 337
415 41
743 234
584 370
794 625
538 91
48 107
657 465
700 844
119 213
742 532
253 187
205 209
13 20
29 208
54 130
631 141
102 244
402 233
259 276
383 67
476 416
43 21
365 219
468 558
197 472
111 51
127 34
426 97
299 756
145 197
795 538
563 677
264 688
747 273
817 264
49 74
4 32
332 408
485 369
218 118
547 457
90 177
201 562
324 46
536 397
451 164
564 249
728 148
112 372
636 717
397 183
414 685
830 518
486 406
237 250
463 328
798 751
576 729
405 87
153 645
153 589
467 88
68 303
601 328
105 314
75 399
228 160
378 695
681 707
621 572
237 41
35 24
642 730
235 431
2 8
617 345
136 43
138 12
78 39
110 58
409 738
40 369
534 36
12 490
278 239
321 577
454 52
448 848
705 304
404 4
22 232
47 71
286 262
847 219
454 676
403 618
134 510
599 363
206 351
122 297
252 80
114 658
706 165
57 428
147 151
251 334
16 199
3 1
15 13
118 120
200 77
51 25
7 99
19 355
775 837
693 264
169 362
461 813
492 428
532 768
129 192
117 389
599 720
411 665
287 260
5 13
775 183
139 643
5 103
166 687
80 14
711 533
300 134
147 88
699 770
515 647
198 45
163 783
191 15
749 353
33 47
401 127
163 603
683 629
361 337
337 172
443 541
442 376
216 167
47 353
548 518
611 518
29 27
234 171
272 126
78 309
122 448
230 167
767 21
73 50
559 232
658 799
458 528
639 526
75 73
238 456
370 138
286 313
654 3
347 680
719 204
834 579
4 723
699 140
178 66
158 341
69 5
52 139
566 46
356 517
643 649
241 90
1 95
35 317
435 325
154 110
255 23
496 823
772 142
12 22
14 315
9 76
169 189
347 118
285 522
26 17
235 192
13 14
27 801
403 257
802 224
569 845
458 82
357 314
268 188
32 79
113 112
302 346
698 109
85 13
172 64
308 118
503 390
283 812
39 30
217 814
665 733
461 175
606 522
58 338
623 359
681 517
223 279
46 190
602 208
205 6
329 358
628 315
312 66
132 117
107 157
24 68
30 6
198 552
803 183
387 324
16 4
84 248
57 94
284 84
319 133
41 3
551 428
7 137
115 246
101 831
20 624
705 849
40 13
247 604
182 43
724 339
374 527
176 164
88 26
105 42
741 144
134 112
759 321
575 456
236 619
349 751
686 125
238 438
31 81
684 52
82 9
107 595
1 10
10 12
70 69
158 413
38 674
452 154
106 67
284 388
721 217
357 420
339 219
86 27
48 57
678 177
42 13
667 55
125 620
104 193
588 650
7 371
459 304
371 646
557 377
434 68
411 638
183 7
648 534
431 651
81 144
124 73
550 49
839 412
613 37
72 27
333 83
223 57
139 524
376 41
525 328
567 246
439 5
391 42
322 777
464 626
81 735
172 398
41 381
690 658
201 787
371 734
326 514
506 509
70 274
778 550
119 158
100 6
19 221
97 41
159 750
142 57
704 246
625 97
630 143
240 523
264 196
574 129
290 556
61 20
37 56
4 33
425 393
518 284
233 301
163 156
220 295
261 174
127 161
744 534
216 311
242 529
87 60
672 631
546 238
504 790
501 474
199 202
235 457
729 754
809 464
560 156
131 400
56 164
466 737
494 332
494 709
718 122
177 273
6 145
403 449
233 410
675 166
350 573
125 168
414 302
302 701
578 257
661 550
354 96
128 12
440 792
227 206
258 445
413 487
356 696
58 29
422 597
780 18
495 181
129 24
24 327
350 702
527 531
299 382
497 238
229 468
692 118
390 55
19 60
460 432
367 312
322 342
53 62
645 840
430 177
121 62
482 228
632 596
327 590
27 489
102 520
392 169
540 437
91 61
174 85
102 266
23 55
188 555
257 96
49 9
712 392
56 67
199 373
828 770
507 413
151 565
359 736
226 73
115 35
88 478
396 407
471 429
226 243
19 296
6 9
326 264
771 174
377 607
649 656
612 405
429 124
2 117
25 24
508 437
614 441
571 487
37 112
52 7
105 150
103 368
14 475
242 576
115 119
588 371
63 58
53 84
156 8
122 113
108 822
42 133
163 236
714 378
568 472
561 358
32 83
2 462
125 34
21 841
28 14
160 73
352 641
793 713
262 660
15 320
556 609
596 842
710 378
65 135
444 323
542 528
666 708
836 556
371 521
293 108
166 195
301 591
167 537
680 732
384 306
543 653
581 689
20 37
35 344
76 181
249 280
106 585
114 39
465 75
150 275
108 171
159 91
213 220
282 230
131 22
616 224
739 611
327 469
107 605
173 1
355 532
716 212
374 196
103 188
78 336
263 243
418 234
256 99
313 321
87 480
27 44
113 169
363 214
281 32
98 318
265 262
53 20
346 437
269 82
50 11
276 483
519 544
446 196
760 115
322 394
285 33
53 260
455 314
381 491
155 121
399 545
297 673
725 4
764 708
75 598
206 133
838 178
329 586
289 443
54 104
557 786
305 152
459 663
276 512
74 89
473 161
180 3
123 499
533 491
644 446
246 634
96 65
554 208
498 220
691 454
668 345
59 98
245 193
290 275
